cam0=[3920.793 0 1016.603; 0 3920.793 963.367; 0 0 1]
cam1=[3920.793 0 1131.789; 0 3920.793 963.367; 0 0 1]
doffs=115.186
baseline=237.604
width=3000
height=1896
ndisp=610
